# Time-averaged data for fix myat1
# TimeStep v_L
5100 35.8623
5200 35.8623
5300 35.8623
5400 35.8623
5500 35.8623
5600 35.8623
5700 35.8623
5800 35.8623
5900 35.8623
6000 35.8623
6100 36.0623
6200 36.0623
6300 36.0623
6400 36.0623
6500 36.0623
6600 36.0623
6700 36.0623
6800 36.0623
6900 36.0623
7000 36.0623
7100 36.2623
7200 36.2623
7300 36.2623
7400 36.2623
7500 36.2623
7600 36.2623
7700 36.2623
7800 36.2623
7900 36.2623
8000 36.2623
8100 36.4623
8200 36.4623
8300 36.4623
8400 36.4623
8500 36.4623
8600 36.4623
8700 36.4623
8800 36.4623
8900 36.4623
9000 36.4623
9100 36.6623
9200 36.6623
9300 36.6623
9400 36.6623
9500 36.6623
9600 36.6623
9700 36.6623
9800 36.6623
9900 36.6623
10000 36.6623
10100 36.8623
10200 36.8623
10300 36.8623
10400 36.8623
10500 36.8623
10600 36.8623
10700 36.8623
10800 36.8623
10900 36.8623
11000 36.8623
11100 37.0623
11200 37.0623
11300 37.0623
11400 37.0623
11500 37.0623
11600 37.0623
11700 37.0623
11800 37.0623
11900 37.0623
12000 37.0623
12100 37.2623
12200 37.2623
12300 37.2623
12400 37.2623
12500 37.2623
12600 37.2623
12700 37.2623
12800 37.2623
12900 37.2623
13000 37.2623
13100 37.4623
13200 37.4623
13300 37.4623
13400 37.4623
13500 37.4623
13600 37.4623
13700 37.4623
13800 37.4623
13900 37.4623
14000 37.4623
14100 37.6623
14200 37.6623
14300 37.6623
14400 37.6623
14500 37.6623
14600 37.6623
14700 37.6623
14800 37.6623
14900 37.6623
15000 37.6623
15100 37.8623
15200 37.8623
15300 37.8623
15400 37.8623
15500 37.8623
15600 37.8623
15700 37.8623
15800 37.8623
15900 37.8623
16000 37.8623
16100 38.0623
16200 38.0623
16300 38.0623
16400 38.0623
16500 38.0623
16600 38.0623
16700 38.0623
16800 38.0623
16900 38.0623
17000 38.0623
17100 38.2623
17200 38.2623
17300 38.2623
17400 38.2623
17500 38.2623
17600 38.2623
17700 38.2623
17800 38.2623
17900 38.2623
18000 38.2623
18100 38.4623
18200 38.4623
18300 38.4623
18400 38.4623
18500 38.4623
18600 38.4623
18700 38.4623
18800 38.4623
18900 38.4623
19000 38.4623
19100 38.6623
19200 38.6623
19300 38.6623
19400 38.6623
19500 38.6623
19600 38.6623
19700 38.6623
19800 38.6623
19900 38.6623
20000 38.6623
20100 38.8623
20200 38.8623
20300 38.8623
20400 38.8623
20500 38.8623
20600 38.8623
20700 38.8623
20800 38.8623
20900 38.8623
21000 38.8623
21100 39.0623
21200 39.0623
21300 39.0623
21400 39.0623
21500 39.0623
21600 39.0623
21700 39.0623
21800 39.0623
21900 39.0623
22000 39.0623
22100 39.2623
22200 39.2623
22300 39.2623
22400 39.2623
22500 39.2623
22600 39.2623
22700 39.2623
22800 39.2623
22900 39.2623
23000 39.2623
23100 39.4623
23200 39.4623
23300 39.4623
23400 39.4623
23500 39.4623
23600 39.4623
23700 39.4623
23800 39.4623
23900 39.4623
24000 39.4623
24100 39.6623
24200 39.6623
24300 39.6623
24400 39.6623
24500 39.6623
24600 39.6623
24700 39.6623
24800 39.6623
24900 39.6623
25000 39.6623
25100 39.8623
25200 39.8623
25300 39.8623
25400 39.8623
25500 39.8623
25600 39.8623
25700 39.8623
25800 39.8623
25900 39.8623
26000 39.8623
26100 40.0623
26200 40.0623
26300 40.0623
26400 40.0623
26500 40.0623
26600 40.0623
26700 40.0623
26800 40.0623
26900 40.0623
27000 40.0623
27100 40.2623
27200 40.2623
27300 40.2623
27400 40.2623
27500 40.2623
27600 40.2623
27700 40.2623
27800 40.2623
27900 40.2623
28000 40.2623
28100 40.4623
28200 40.4623
28300 40.4623
28400 40.4623
28500 40.4623
28600 40.4623
28700 40.4623
28800 40.4623
28900 40.4623
29000 40.4623
29100 40.6623
29200 40.6623
29300 40.6623
29400 40.6623
29500 40.6623
29600 40.6623
29700 40.6623
29800 40.6623
29900 40.6623
30000 40.6623
30100 40.8623
30200 40.8623
30300 40.8623
30400 40.8623
30500 40.8623
30600 40.8623
30700 40.8623
30800 40.8623
30900 40.8623
31000 40.8623
31100 41.0623
31200 41.0623
31300 41.0623
31400 41.0623
31500 41.0623
31600 41.0623
31700 41.0623
31800 41.0623
31900 41.0623
32000 41.0623
32100 41.2623
32200 41.2623
32300 41.2623
32400 41.2623
32500 41.2623
32600 41.2623
32700 41.2623
32800 41.2623
32900 41.2623
33000 41.2623
33100 41.4623
33200 41.4623
33300 41.4623
33400 41.4623
33500 41.4623
33600 41.4623
33700 41.4623
33800 41.4623
33900 41.4623
34000 41.4623
34100 41.6623
34200 41.6623
34300 41.6623
34400 41.6623
34500 41.6623
34600 41.6623
34700 41.6623
34800 41.6623
34900 41.6623
35000 41.6623
35100 41.8623
35200 41.8623
35300 41.8623
35400 41.8623
35500 41.8623
35600 41.8623
35700 41.8623
35800 41.8623
35900 41.8623
36000 41.8623
36100 42.0623
36200 42.0623
36300 42.0623
36400 42.0623
36500 42.0623
36600 42.0623
36700 42.0623
36800 42.0623
36900 42.0623
37000 42.0623
37100 42.2623
37200 42.2623
37300 42.2623
37400 42.2623
37500 42.2623
37600 42.2623
37700 42.2623
37800 42.2623
37900 42.2623
38000 42.2623
38100 42.4623
38200 42.4623
38300 42.4623
38400 42.4623
38500 42.4623
38600 42.4623
38700 42.4623
38800 42.4623
38900 42.4623
39000 42.4623
39100 42.6623
39200 42.6623
39300 42.6623
39400 42.6623
39500 42.6623
39600 42.6623
39700 42.6623
39800 42.6623
39900 42.6623
40000 42.6623
40100 42.8623
40200 42.8623
40300 42.8623
40400 42.8623
40500 42.8623
40600 42.8623
40700 42.8623
40800 42.8623
40900 42.8623
41000 42.8623
41100 43.0623
41200 43.0623
41300 43.0623
41400 43.0623
41500 43.0623
41600 43.0623
41700 43.0623
41800 43.0623
41900 43.0623
42000 43.0623
42100 43.2623
42200 43.2623
42300 43.2623
42400 43.2623
42500 43.2623
42600 43.2623
42700 43.2623
42800 43.2623
42900 43.2623
43000 43.2623
43100 43.4623
43200 43.4623
43300 43.4623
43400 43.4623
43500 43.4623
43600 43.4623
43700 43.4623
43800 43.4623
43900 43.4623
44000 43.4623
44100 43.6623
44200 43.6623
44300 43.6623
44400 43.6623
44500 43.6623
44600 43.6623
44700 43.6623
44800 43.6623
44900 43.6623
45000 43.6623
45100 43.8623
45200 43.8623
45300 43.8623
45400 43.8623
45500 43.8623
45600 43.8623
45700 43.8623
45800 43.8623
45900 43.8623
46000 43.8623
46100 44.0623
46200 44.0623
46300 44.0623
46400 44.0623
46500 44.0623
46600 44.0623
46700 44.0623
46800 44.0623
46900 44.0623
47000 44.0623
47100 44.2623
47200 44.2623
47300 44.2623
47400 44.2623
47500 44.2623
47600 44.2623
47700 44.2623
47800 44.2623
47900 44.2623
48000 44.2623
48100 44.4623
48200 44.4623
48300 44.4623
48400 44.4623
48500 44.4623
48600 44.4623
48700 44.4623
48800 44.4623
48900 44.4623
49000 44.4623
49100 44.6623
49200 44.6623
49300 44.6623
49400 44.6623
49500 44.6623
49600 44.6623
49700 44.6623
49800 44.6623
49900 44.6623
50000 44.6623
50100 44.8623
50200 44.8623
50300 44.8623
50400 44.8623
50500 44.8623
50600 44.8623
50700 44.8623
50800 44.8623
50900 44.8623
51000 44.8623
51100 45.0623
51200 45.0623
51300 45.0623
51400 45.0623
51500 45.0623
51600 45.0623
51700 45.0623
51800 45.0623
51900 45.0623
52000 45.0623
52100 45.2623
52200 45.2623
52300 45.2623
52400 45.2623
52500 45.2623
52600 45.2623
52700 45.2623
52800 45.2623
52900 45.2623
53000 45.2623
53100 45.4623
53200 45.4623
53300 45.4623
53400 45.4623
53500 45.4623
53600 45.4623
53700 45.4623
53800 45.4623
53900 45.4623
54000 45.4623
54100 45.6623
54200 45.6623
54300 45.6623
54400 45.6623
54500 45.6623
54600 45.6623
54700 45.6623
54800 45.6623
54900 45.6623
55000 45.6623
55100 45.8623
55200 45.8623
55300 45.8623
55400 45.8623
55500 45.8623
55600 45.8623
55700 45.8623
55800 45.8623
55900 45.8623
56000 45.8623
56100 46.0623
56200 46.0623
56300 46.0623
56400 46.0623
56500 46.0623
56600 46.0623
56700 46.0623
56800 46.0623
56900 46.0623
57000 46.0623
57100 46.2623
57200 46.2623
57300 46.2623
57400 46.2623
57500 46.2623
57600 46.2623
57700 46.2623
57800 46.2623
57900 46.2623
58000 46.2623
58100 46.4623
58200 46.4623
58300 46.4623
58400 46.4623
58500 46.4623
58600 46.4623
58700 46.4623
58800 46.4623
58900 46.4623
59000 46.4623
59100 46.6623
59200 46.6623
59300 46.6623
59400 46.6623
59500 46.6623
59600 46.6623
59700 46.6623
59800 46.6623
59900 46.6623
60000 46.6623
60100 46.8623
60200 46.8623
60300 46.8623
60400 46.8623
60500 46.8623
60600 46.8623
60700 46.8623
60800 46.8623
60900 46.8623
61000 46.8623
61100 47.0623
61200 47.0623
61300 47.0623
61400 47.0623
61500 47.0623
61600 47.0623
61700 47.0623
61800 47.0623
61900 47.0623
62000 47.0623
62100 47.2623
62200 47.2623
62300 47.2623
62400 47.2623
62500 47.2623
62600 47.2623
62700 47.2623
62800 47.2623
62900 47.2623
63000 47.2623
63100 47.4623
63200 47.4623
63300 47.4623
63400 47.4623
63500 47.4623
63600 47.4623
63700 47.4623
63800 47.4623
63900 47.4623
64000 47.4623
64100 47.6623
64200 47.6623
64300 47.6623
64400 47.6623
64500 47.6623
64600 47.6623
64700 47.6623
64800 47.6623
64900 47.6623
65000 47.6623
65100 47.8623
65200 47.8623
65300 47.8623
65400 47.8623
65500 47.8623
65600 47.8623
65700 47.8623
65800 47.8623
65900 47.8623
66000 47.8623
66100 48.0623
66200 48.0623
66300 48.0623
66400 48.0623
66500 48.0623
66600 48.0623
66700 48.0623
66800 48.0623
66900 48.0623
67000 48.0623
67100 48.2623
67200 48.2623
67300 48.2623
67400 48.2623
67500 48.2623
67600 48.2623
67700 48.2623
67800 48.2623
67900 48.2623
68000 48.2623
68100 48.4623
68200 48.4623
68300 48.4623
68400 48.4623
68500 48.4623
68600 48.4623
68700 48.4623
68800 48.4623
68900 48.4623
69000 48.4623
69100 48.6623
69200 48.6623
69300 48.6623
69400 48.6623
69500 48.6623
69600 48.6623
69700 48.6623
69800 48.6623
69900 48.6623
70000 48.6623
70100 48.8623
70200 48.8623
70300 48.8623
70400 48.8623
70500 48.8623
70600 48.8623
70700 48.8623
70800 48.8623
70900 48.8623
71000 48.8623
71100 49.0623
71200 49.0623
71300 49.0623
71400 49.0623
71500 49.0623
71600 49.0623
71700 49.0623
71800 49.0623
71900 49.0623
72000 49.0623
72100 49.2623
72200 49.2623
72300 49.2623
72400 49.2623
72500 49.2623
72600 49.2623
72700 49.2623
72800 49.2623
72900 49.2623
73000 49.2623
73100 49.4623
73200 49.4623
73300 49.4623
73400 49.4623
73500 49.4623
73600 49.4623
73700 49.4623
73800 49.4623
73900 49.4623
74000 49.4623
74100 49.6623
74200 49.6623
74300 49.6623
74400 49.6623
74500 49.6623
74600 49.6623
74700 49.6623
74800 49.6623
74900 49.6623
75000 49.6623
75100 49.8623
75200 49.8623
75300 49.8623
75400 49.8623
75500 49.8623
75600 49.8623
75700 49.8623
75800 49.8623
75900 49.8623
76000 49.8623
76100 50.0623
76200 50.0623
76300 50.0623
76400 50.0623
76500 50.0623
76600 50.0623
76700 50.0623
76800 50.0623
76900 50.0623
77000 50.0623
77100 50.2623
77200 50.2623
77300 50.2623
77400 50.2623
77500 50.2623
77600 50.2623
77700 50.2623
77800 50.2623
77900 50.2623
78000 50.2623
78100 50.4623
78200 50.4623
78300 50.4623
78400 50.4623
78500 50.4623
78600 50.4623
78700 50.4623
78800 50.4623
78900 50.4623
79000 50.4623
79100 50.6623
79200 50.6623
79300 50.6623
79400 50.6623
79500 50.6623
79600 50.6623
79700 50.6623
79800 50.6623
79900 50.6623
80000 50.6623
80100 50.8623
80200 50.8623
80300 50.8623
80400 50.8623
80500 50.8623
80600 50.8623
80700 50.8623
80800 50.8623
80900 50.8623
81000 50.8623
81100 51.0623
81200 51.0623
81300 51.0623
81400 51.0623
81500 51.0623
81600 51.0623
81700 51.0623
81800 51.0623
81900 51.0623
82000 51.0623
82100 51.2623
82200 51.2623
82300 51.2623
82400 51.2623
82500 51.2623
82600 51.2623
82700 51.2623
82800 51.2623
82900 51.2623
83000 51.2623
83100 51.4623
83200 51.4623
83300 51.4623
83400 51.4623
83500 51.4623
83600 51.4623
83700 51.4623
83800 51.4623
83900 51.4623
84000 51.4623
84100 51.6623
84200 51.6623
84300 51.6623
84400 51.6623
84500 51.6623
84600 51.6623
84700 51.6623
84800 51.6623
84900 51.6623
85000 51.6623
85100 51.8623
85200 51.8623
85300 51.8623
85400 51.8623
85500 51.8623
85600 51.8623
85700 51.8623
85800 51.8623
85900 51.8623
86000 51.8623
86100 52.0623
86200 52.0623
86300 52.0623
86400 52.0623
86500 52.0623
86600 52.0623
86700 52.0623
86800 52.0623
86900 52.0623
87000 52.0623
87100 52.2623
87200 52.2623
87300 52.2623
87400 52.2623
87500 52.2623
87600 52.2623
87700 52.2623
87800 52.2623
87900 52.2623
88000 52.2623
88100 52.4623
88200 52.4623
88300 52.4623
88400 52.4623
88500 52.4623
88600 52.4623
88700 52.4623
88800 52.4623
88900 52.4623
89000 52.4623
89100 52.6623
89200 52.6623
89300 52.6623
89400 52.6623
89500 52.6623
89600 52.6623
89700 52.6623
89800 52.6623
89900 52.6623
90000 52.6623
90100 52.8623
90200 52.8623
90300 52.8623
90400 52.8623
90500 52.8623
90600 52.8623
90700 52.8623
90800 52.8623
90900 52.8623
91000 52.8623
91100 53.0623
91200 53.0623
91300 53.0623
91400 53.0623
91500 53.0623
91600 53.0623
91700 53.0623
91800 53.0623
91900 53.0623
92000 53.0623
92100 53.2623
92200 53.2623
92300 53.2623
92400 53.2623
92500 53.2623
92600 53.2623
92700 53.2623
92800 53.2623
92900 53.2623
93000 53.2623
93100 53.4623
93200 53.4623
93300 53.4623
93400 53.4623
93500 53.4623
93600 53.4623
93700 53.4623
93800 53.4623
93900 53.4623
94000 53.4623
94100 53.6623
94200 53.6623
94300 53.6623
94400 53.6623
94500 53.6623
94600 53.6623
94700 53.6623
94800 53.6623
94900 53.6623
95000 53.6623
95100 53.8623
95200 53.8623
95300 53.8623
95400 53.8623
95500 53.8623
95600 53.8623
95700 53.8623
95800 53.8623
95900 53.8623
96000 53.8623
96100 54.0623
96200 54.0623
96300 54.0623
96400 54.0623
96500 54.0623
96600 54.0623
96700 54.0623
96800 54.0623
96900 54.0623
97000 54.0623
97100 54.2623
97200 54.2623
97300 54.2623
97400 54.2623
97500 54.2623
97600 54.2623
97700 54.2623
97800 54.2623
97900 54.2623
98000 54.2623
98100 54.4623
98200 54.4623
98300 54.4623
98400 54.4623
98500 54.4623
98600 54.4623
98700 54.4623
98800 54.4623
98900 54.4623
99000 54.4623
99100 54.6623
99200 54.6623
99300 54.6623
99400 54.6623
99500 54.6623
99600 54.6623
99700 54.6623
99800 54.6623
99900 54.6623
100000 54.6623
100100 54.8623
100200 54.8623
100300 54.8623
100400 54.8623
100500 54.8623
100600 54.8623
100700 54.8623
100800 54.8623
100900 54.8623
101000 54.8623
101100 55.0623
101200 55.0623
101300 55.0623
101400 55.0623
101500 55.0623
101600 55.0623
101700 55.0623
101800 55.0623
101900 55.0623
102000 55.0623
102100 55.2623
102200 55.2623
102300 55.2623
102400 55.2623
102500 55.2623
102600 55.2623
102700 55.2623
102800 55.2623
102900 55.2623
103000 55.2623
103100 55.4623
103200 55.4623
103300 55.4623
103400 55.4623
103500 55.4623
103600 55.4623
103700 55.4623
103800 55.4623
103900 55.4623
104000 55.4623
104100 55.6623
104200 55.6623
104300 55.6623
104400 55.6623
104500 55.6623
104600 55.6623
104700 55.6623
104800 55.6623
104900 55.6623
105000 55.6623
